# nombre de noeds et nombre de barres
12 21
#positions et conditions
0.0 0.0 3 0.0 0.0
1.5 0.0 0 0.0 0.0
3.0 0.0 0 0.0 0.0
4.5 0.0 2 0.0 0.0
0.0 1.0 0 0.0 0.0
1.5 1.0 2 0.0 0.0 
3.0 1.0 0 0.0 0.0
4.5 1.0 0 0.0 0.0
0.0 2.0 1 0.0 0.0 
1.5 2.0 1 0.0 0.0
3.0 2.0 0 0.0 0.0
4.5 2.0 4 10000.0 100.0
# barres entre les noeds
1 2
2 3
3 4
5 1
5 2 
6 3
7 3
7 4
8 4
5 6
6 7
7 8
9 5
9 6
10 6
10 7
11 8
12 8
9 10
10 11
11 12
# E S rho
2.0e8 0.0025 7860
2.0e8 0.0025 7860
2.0e8 0.0025 7860
2.0e8 0.0025 7860
2.0e8 0.0025 7860
2.0e8 0.0025 7860
2.0e8 0.0025 7860
2.0e8 0.0025 7860
2.0e8 0.0025 7860
2.0e8 0.0025 7860
2.0e8 0.0025 7860
2.0e8 0.0025 7860
2.0e8 0.0025 7860
2.0e8 0.0025 7860
2.0e8 0.0025 7860
2.0e8 0.0025 7860
2.0e8 0.0025 7860
2.0e8 0.0025 7860
2.0e8 0.0025 7860
2.0e8 0.0025 7860
2.0e8 0.0025 7860
#fin





